  |              x1|              x2|              x3|          Err_x1|          Err_x2|          Err_x3|
 1|         -3.2500|         21.6000|         21.2308|          5.1538|          1.9259|          1.9420|
 2|          3.5295|         -6.4885|         -5.0346|          1.9208|          4.3290|          5.2170|
 3|         -0.3923|          7.9149|          8.5254|          9.9967|          1.8198|          1.5905|
 4|          1.6569|          0.5632|          1.6748|          1.2368|         13.0535|          4.0903|
 5|          0.6404|          4.2637|          5.1605|          1.5873|          0.8679|          0.6755|
 6|          1.1676|          2.3756|          3.4025|          0.4516|          0.7948|          0.5167|
 7|          0.9072|          3.3250|          4.2975|          0.2871|          0.2855|          0.2083|
 8|          1.0427|          2.8401|          3.8464|          0.1300|          0.1707|          0.1173|
 9|          0.9760|          3.0836|          4.0763|          0.0684|          0.0790|          0.0564|
10|          1.0109|          2.9590|          3.9605|          0.0345|          0.0421|          0.0292|
11|          0.9938|          3.0215|          4.0195|          0.0172|          0.0207|          0.0147|
12|          1.0028|          2.9895|          3.9899|          0.0089|          0.0107|          0.0074|
13|          0.9984|          3.0055|          4.0050|          0.0044|          0.0053|          0.0038|
14|          1.0007|          2.9973|          3.9974|          0.0023|          0.0027|          0.0019|
15|          0.9996|          3.0014|          4.0013|          0.0011|          0.0014|          0.0010|

number of iterations: 15
execution time: 0.772864
