  |              x1|              x2|              x3|          Err_x1|          Err_x2|          Err_x3|
 1|          0.5000|          0.7500|          1.0000|          1.0000|          1.0000|          1.0000|
 2|         -1.8750|         -1.0000|          0.3750|          1.2667|          1.7500|          1.6667|
 3|          0.2500|          1.1250|          4.2500|          8.5000|          1.8889|          0.9118|
 4|         -8.5625|         -5.7500|          1.0625|          1.0292|          1.1957|          3.0000|
 5|          1.2500|          3.4375|         15.2500|          7.8500|          2.6727|          0.9303|
 6|        -31.7188|        -22.7500|          0.2188|          1.0394|          1.1511|         68.7143|
 7|         11.4375|         16.2812|         53.0625|          3.7732|          2.3973|          0.9959|
 8|       -113.7656|        -84.5625|        -13.7344|          1.1005|          1.1925|          4.8635|
 9|         70.2500|         78.2344|        186.2500|          2.6194|          2.0809|          1.0737|
10|       -411.1172|       -313.7500|       -100.3828|          1.1709|          1.2494|          2.8554|

number of iterations: 10
execution time: 0.200321
